1
987654321246173985351928746128537694634892157795461832519286473472319568863745219
50
136487952749265183852391467391824675564173829287659341618532794923748516475916238
136487952749625183852391467291864375564173829387259641618532794923748516475916238
739465182146287953852391467391824675564173829287659341618532794923748516475916238
349687152756421983182395467291864375564173829837259641618532794923748516475916238
836415792749628153152397486291864375564173829387259614618532947923741568475986231
836497152149625783752318496291864375564173829387259614618532947923741568475986231
736498152149625783852317496291864375564173829387259614618532947923741568475986231
736495182149628753852317496291864375564173829387259614618532947923741568475986231
136495782849627153752318496291864375564173829387259614618532947923741568475986231
136495782749628153852317496291864375564173829387259614618532947923741568475986231
136498752749625183852317496291864375564173829387259614618532947923741568475986231
836415792749628153152397468291864375564173829387259614618532947923741586475986231
836497152149625783752381496291864375564173829387259614618532947923748561475916238
736495182849621753152387496291864375564173829387259614618532947923748561475916238
736485192849621753152397486291864375564173829387259614618532947923748561475916238
136495782849627153752381496291864375564173829387259614618532947923748561475916238
836491752749625183152387496291864375564173829387259614618532947923748561475916238
136485792849627153752391486291864375564173829387259614618532947923748561475916238
349618752786425193152397486291864375564173829837259614618532947923741568475986231
386415792749628153152397486291864375564173829837259614618532947923741568475986231
386497152149625783752318496291864375564173829837259614618532947923741568475986231
349681752786425193152397486291864375564173829837259614618532947923748561475916238
349687152186425793752391486291864375564173829837259614618532947923748561475916238
386491752749625183152387496291864375564173829837259614618532947923748561475916238
386497152149625783752381496291864375564173829837259614618532947923748561475916238
386415792749628153152397468291864375564173829837259614618532947923741586475986231
349618752786425193152397468291864375564173829837259614618532947923741586475986231
139465782746298153852317496391824675564173829287659314618532947923741568475986231
139465782846297153752318496391824675564173829287659314618532947923741568475986231
139468752746295183852317496391824675564173829287659314618532947923741568475986231
839415762746298153152367498391824675564173829287659314618532947923741586475986231
839461752746285193152397486391824675564173829287659314618532947923748561475916238
839461752746295183152387496391824675564173829287659314618532947923748561475916238
139465782846297153752381496391824675564173829287659314618532947923748561475916238
139487652746295183852361497391824765564173829287659341618532974923748516475916238
739418652846295173152367498391824765564173829287659314618532947923741586475986231
839415672746298153152367498391824765564173829287659314618532947923741586475986231
739465182146298753852317496391824675564173829287659314618532947923741568475986231
739465182846291753152387496391824675564173829287659314618532947923748561475916238
739468152146295783852317496391824675564173829287659314618532947923741568475986231
739468152846215793152397468391824675564173829287659314618532947923741586475986231
739468152846215793152397486391824675564173829287659314618532947923741568475986231
839467152146295783752318496391824675564173829287659314618532947923741568475986231
839467152146285793752391486391824675564173829287659314618532947923748561475916238
839467152146295783752381496391824675564173829287659314618532947923748561475916238
836415792749268153152397486391824675564173829287659314618532947923741568475986231
836497152149265783752318496391824675564173829287659314618532947923741568475986231
736498152149265783852317496391824675564173829287659314618532947923741568475986231
736495182149268753852317496391824675564173829287659314618532947923741568475986231
136495782849267153752318496391824675564173829287659314618532947923741568475986231
50
623859147459172386817463259275918463146327598938645712562791834391284675784536921
326859147459172386817463259275918463641327598938645712562791834193284675784536921
326859147459172386817463259275918463641327598983645712562791834198234675734586921
623854179459172386817963452265418793341729568978635214582391647196247835734586921
326854179459172386817963452265418793143729568978635214582391647691247835734586921
623854179459172386817963254265418793341729568978635412582391647196247835734586921
326854179459172386817963254265418793143729568978635412582391647691247835734586921
623854179459172386871963254265718493148329567937645812512497638396281745784536921
326854179459172386871963254265718493148329567937645812512497638693281745784536921
623854179459172386871963254265718493148329567937645812582497631396281745714536928
326854179459172386871963254265718493148329567937645812582497631693281745714536928
926854137435172896817963254279518643641327589358649712562491378193786425784235961
926854137435172896817963452279518643641329578358647219562791384193486725784235961
926854137435172896817963452279518643641329578358647219582791364193486725764235981
927856134435172896816943752269518473341729568578634219652491387193287645784365921
927856134435172896816943752269518473143729568578634219652491387391287645784365921
927856134435172896816943752269518473143729568578634219352491687691287345784365921
926854137435172896871963254219548673643721589587639412152497368398216745764385921
926854137435172896871963452219548673643721589587639214152497368398216745764385921
926854137435172896871963254219548763643721589587639412152496378398217645764385921
926854137435172896871963254219548763643721589587639412162495378398217645754386921
926854137435172896871963452219548763643721589587639214152496378398217645764385921
926854137435172896871963452219548763643721589587639214162495378398217645754386921
126854379439172856857963421265418793341729568978635214582391647693247185714586932
126854379439172856875963142261548793943721568587639214312495687698217435754386921
126854379439172856875963142261548793943721568587639214312495687698317425754286931
126854379439172856875963142261548793943721568587639214612395487398417625754286931
126854379439172856875963124261548793943721568587639412312495687698317245754286931
126854379439172856875963124267518493941327568583649712312495687698731245754286931
126854379439172856875963142267518493941327568583649217312795684698431725754286931
126859347439172856857463129215748693643921578978635214562394781391287465784516932
126859347439172856857463129215948673643721598978635214562394781391287465784516932
126859347439172856875463129251748693643921578987635214562394781398217465714586932
126859347439172856875463129251948673643721598987635214562394781398217465714586932
126859347439172856857463129215748693643921578978635214562397481391284765784516932
126859347439172856875463129251748693643921578987635214562397481398214765714586932
126859347439172856857463129215948763643721598978635214562397481391284675784516932
126859347439172856857463129215948673643721598978635214562397481391284765784516932
126859347439172856875463129251948763643721598987635214562397481398214675714586932
126859347439172856875463129251948673643721598987635214562397481398214765714586932
126859374439172856875463129217548693643921587958637412582394761391786245764215938
126859374439172856875463129217548693643921587958637412582396741391784265764215938
126859374439172856857463129271548693643921587985637412512394768398716245764285931
126859374439172856857463129271548693643921587985637412512396748398714265764285931
126859347439172856857463129271548693643921578985637412512396784398714265764285931
126859347439172856875463129217548693643921578958637214582796431391284765764315982
126859437439172856875463129217548693643921578958637214582796341391284765764315982
126859437439172856875463129217548693643921578958637214562794381391286745784315962
126859437439172856875463129217548693643921578958637214582794361391286745764315982
126859437439172856857463129271548693643921578985637214562794381398216745714385962
1
562987413471235689398146275236819754714653928859472361187324596923568147645791832
1
126395784359847162874621953985416237631972845247538691763184529418259376592763418
1
174385962293467158586192734451923876928674315367851249719548623635219487842736591
1
751846239892371465643259871238197546974562318165438927319684752527913684486725193
1
125374896479618325683952714714269583532781649968435172891546237257893461346127958
1
123456789457189236896372514249518367538647921671293845364925178715834692982761453
1
123456789456789123789123456214975638375862914968314275591637842637248591842591367
1
239187465675394128814562937123879546456213879798456312367945281541728693982631754
1
743892156518647932962351748624589371879134265351276489496715823287963514135428697
1
468931527751624839392578461134756298289413675675289314846192753513867942927345186
1
728946315934251678516738249147593826369482157852167493293615784481379562675824931
1
317849265245736891869512473456398712732164958981257634174925386693481527528673149
1
621943758783615492594728361142879635357461289869532174238197546916354827475286913
1
693784512487512936125963874932651487568247391741398625319475268856129743274836159
1
673894512912735486845612973798261354526473891134589267469128735287356149351947628
1
174835962293476158586192734957324816428961375361758249812547693635219487749683521
1
869571324327849516145623987952368741681497235473215869514982673798136452236754198
50
684573129372941586915628347723485961851269734469317852547892613298136475136754298
684573129372941586915628347823469751761285934459317862547892613298136475136754298
684573129372941586951628347723485961815269734469317852547892613298136475136754298
684573129372941586951628347723485961865219734419367852547892613298136475136754298
864573129372941586915628347623489751781265934459317862547892613298136475136754298
864573129372941586951628347723485961685219734419367852547892613298136475136754298
684375129379241586215689347758423961921568734463917852547892613892136475136754298
684375129379241586215689347728463951961528734453917862547892613892136475136754298
684375129379241586215689347768423951921568734453917862547892613892136475136754298
648573129327941586915628347263489751781265934459317862574892613892136475136754298
648573129327941586915628347283469751761285934459317862574892613892136475136754298
684375129379241586215689347968423751721568934453917862547892613892136475136754298
684375129379241586215689347928463751761528934453917862547892613892136475136754298
648573129327941586915628347253489761781265934469317852574892613892136475136754298
684375129379241586215689347958423761721568934463917852547892613892136475136754298
684573129372941586915628347723485961851269734469317852548192673297836415136754298
684573129372941586951628347723485961815269734469317852548192673297836415136754298
684573129372941586951628347723485961865219734419367852548192673297836415136754298
864573129372941586951628347723485961685219734419367852548192673297836415136754298
684573129327941586915628347273485961851269734469317852548192673792836415136754298
684573129327941586951628347273485961815269734469317852548192673792836415136754298
864573129327941586915628347253487961689215734471369852548192673792836415136754298
684573129327941586915628347253487961869215734471369852548192673792836415136754298
864573129327941586951628347273485961685219734419367852548192673792836415136754298
684573129327941586951628347273485961865219734419367852548192673792836415136754298
684375129379241586215689347857423961921568734463917852548192673792836415136754298
684375129379241586215689347853427961921568734467913852548192673792836415136754298
684573129327941586915628347253489761871265934469317852548192673792836415136754298
684375129379241586215689347953428761821567934467913852548192673792836415136754298
864375129379241586251689347985423761627518934413967852548192673792836415136754298
684573129379241586251698347923485761865127934417369852548912673792836415136754298
864573129379241586251698347923485761685127934417369852548912673792836415136754298
864573129379241586251698347983425761625187934417369852548912673792836415136754298
684375129379241586215689347853427961921568734467193852548912673792836415136754298
684375129379241586215689347953428761821567934467193852548912673792836415136754298
684573129379241586215689347953428761827165934461397852548912673792836415136754298
684375129379241586215689347857423961921568734463197852548912673792836415136754298
648573129372941586915628347723485961851269734469317852584192673297836415136754298
648573129372941586951628347723485961815269734469317852584192673297836415136754298
648573129372941586951628347723485961865219734419367852584192673297836415136754298
648573129327941586915628347273485961851269734469317852584192673792836415136754298
648573129327941586951628347273485961815269734469317852584192673792836415136754298
648573129327941586915628347253487961869215734471369852584192673792836415136754298
648573129327941586951628347273485961865219734419367852584192673792836415136754298
648375129379241586215689347853427961921568734467913852584192673792836415136754298
648375129379241586215689347857423961921568734463917852584192673792836415136754298
648375129379241586215689347857423961921568734463197852584912673792836415136754298
648375129379241586215689347853427961921568734467193852584912673792836415136754298
648375129379241586215689347953428761821567934467913852584192673792836415136754298
648573129327941586915628347253489761871265934469317852584192673792836415136754298
Examined 21 puzzles in 0.005 seconds or 4,200.00 puzzles/sec
